   6.8711920e-02   2.2362321e-03   2.0008768e-03
   2.2362321e-03   4.8182104e-02  -2.0713673e-02
   2.0008768e-03  -2.0713673e-02   5.2544970e-02
   5.1361265e-02  -5.2352080e-04   3.0010619e-03
  -5.2352080e-04   4.8909889e-02   9.9983530e-04
   3.0010619e-03   9.9983530e-04   8.6088562e-03
   4.7275460e-02   1.4947665e-02   1.4009107e-02
   1.4947665e-02   6.7441714e-02  -5.9532993e-03
   1.4009107e-02  -5.9532993e-03   5.0450095e-02
   5.1054953e-02  -6.5812204e-03  -9.3412754e-03
  -6.5812204e-03   6.6933313e-02  -5.1579210e-03
  -9.3412754e-03  -5.1579210e-03   2.9020479e-02
   8.3838063e-02  -3.8819805e-02   5.0881387e-04
  -3.8819805e-02   1.0178167e-01  -1.9704543e-04
   5.0881387e-04  -1.9704543e-04   1.0165465e-02
   7.1328798e-02   2.7101042e-03  -5.6691327e-04
   2.7101042e-03   4.5407618e-02   1.8496407e-02
  -5.6691327e-04   1.8496407e-02   5.3303723e-02
   8.6465780e-02   3.3722723e-02  -6.9133021e-04
   3.3722723e-02   1.1523862e-01  -5.9937425e-04
  -6.9133021e-04  -5.9937425e-04   9.6955302e-03
   5.1445800e-02   1.4268597e-02  -1.7285112e-02
   1.4268597e-02   6.4971405e-02   7.2523047e-03
  -1.7285112e-02   7.2523047e-03   5.0461136e-02
   9.7176030e-02  -6.8981184e-04   2.7483866e-03
  -6.8981184e-04   1.0316900e-01   2.1784850e-03
   2.7483866e-03   2.1784850e-03   2.7044438e-02
   5.1521364e-02  -1.5414738e-02   1.3139809e-02
  -1.5414738e-02   6.5161243e-02   1.0957068e-02
   1.3139809e-02   1.0957068e-02   4.8157219e-02
   5.3345584e-02  -2.2046909e-02  -8.3329947e-03
  -2.2046909e-02   6.8610633e-02  -4.1961479e-03
  -8.3329947e-03  -4.1961479e-03   3.8756326e-02
   1.3851714e-01   9.8774662e-03  -4.0413071e-04
   9.8774662e-03   7.0710961e-02  -3.8460438e-04
  -4.0413071e-04  -3.8460438e-04   9.9085210e-03
   7.4735978e-02  -6.6583381e-03   4.7901991e-03
  -6.6583381e-03   8.1332862e-02   1.4599805e-03
   4.7901991e-03   1.4599805e-03   2.3414146e-02
