   6.4832852e-02  -2.4343894e-02   1.6962620e-02
  -2.4343894e-02   8.3302843e-02   7.1195217e-03
   1.6962620e-02   7.1195217e-03   5.7642129e-02
   8.4939568e-02   1.8798089e-02  -1.0204434e-02
   1.8798089e-02   6.8746906e-02   1.9057406e-02
  -1.0204434e-02   1.9057406e-02   6.0362992e-02
   6.3026374e-02  -2.2393314e-02  -1.8380221e-02
  -2.2393314e-02   8.0017482e-02  -7.6044003e-03
  -1.8380221e-02  -7.6044003e-03   5.9697162e-02
   8.8644431e-02   1.8439697e-02   9.4862159e-03
   1.8439697e-02   6.6239148e-02  -1.7680665e-02
   9.4862159e-03  -1.7680665e-02   5.8182323e-02
   2.0006615e-01  -1.3164371e-03   1.6282153e-04
  -1.3164371e-03   1.9581416e-01  -4.5301042e-05
   1.6282153e-04  -4.5301042e-05   1.0817487e-02
   6.9989066e-02  -5.6265238e-04   1.6392994e-03
  -5.6265238e-04   6.5904574e-02  -4.4635048e-04
   1.6392994e-03  -4.4635048e-04   2.1611142e-02
